x = [0.0, 1.0, 338.0, 733.0, 1128.0, 1524.0, 1902.0, 2000.0, 2000.0, 2000.0, 2000.0, 2000.0, 2000.0, 2000.0, 2000.0, 2000.0, 2000.0, 2000.0, 1055.0, -5.0, -343.0, -738.0, -1133.0, -1529.0, -1907.0, -2000.0, -2000.0, -2000.0, -2000.0, -2000.0, -2000.0, -2000.0, -2000.0, -2000.0, -2000.0, -2000.0, -1033.0, 2.0, 55.0, 108.0, 162.0, 215.0, 268.0, 321.0, 375.0, 280.0, -7.0, -34.0, -61.0, -87.0, -114.0, -140.0, -167.0, -194.0, -220.0, -247.0, -273.0, -300.0, -327.0, -353.0, -380.0, -400.0];
y = [0.0, 0.0, 0.0, 0.0, 0.0, 0.0, 0.0, 195.0, 589.0, 985.0, 1380.0, 1775.0, 2000.0, 2000.0, 2000.0, 2000.0, 2000.0, 2000.0, 1055.0, 0.0, 0.0, 0.0, 0.0, 0.0, 0.0, -200.0, -595.0, -990.0, -1385.0, -1780.0, -2000.0, -2000.0, -2000.0, -2000.0, -2000.0, -2000.0, -1033.0, 4.0, 110.0, 217.0, 323.0, 429.0, 536.0, 643.0, 749.0, 561.0, -15.0, -68.0, -121.0, -174.0, -227.0, -281.0, -334.0, -387.0, -440.0, -493.0, -547.0, -600.0, -653.0, -706.0, -759.0, -800.0];
z = [0.0, 0.0, 0.0, 0.0, 0.0, 0.0, 0.0, 0.0, 0.0, 0.0, 0.0, 0.0, 75.0, 446.0, 841.0, 1236.0, 1631.0, 1979.0, 1055.0, 0.0, 0.0, 0.0, 0.0, 0.0, 0.0, 0.0, 0.0, 0.0, 0.0, 0.0, -78.0, -452.0, -846.0, -1242.0, -1636.0, -1982.0, -1033.0, 6.0, 165.0, 325.0, 485.0, 644.0, 804.0, 964.0, 1124.0, 841.0, -22.0, -102.0, -182.0, -261.0, -341.0, -421.0, -501.0, -581.0, -660.0, -740.0, -820.0, -900.0, -980.0, -1059.0, -1139.0, -1200.0];
dt = 0.3;
t = (0:length(x)-1) * dt;

figure;
plot(t, x, '-o', 'LineWidth', 1.5, 'MarkerSize', 4, 'DisplayName', 'X-Axis Pulses');
hold on;
plot(t, y, '-s', 'LineWidth', 1.5, 'MarkerSize', 4, 'DisplayName', 'Y-Axis Pulses');
plot(t, z, '-^', 'LineWidth', 1.5, 'MarkerSize', 4, 'DisplayName', 'Z-Axis Pulses');
hold off;

xlabel('Second');
ylabel('Pulse');
title('Stepper Motor Pulse');
legend('Location', 'northeast');
grid on;