x = [0.0, 1.0, 338.0, 734.0, 1129.0, 1525.0, 1904.0, 2000.0, 2000.0, 2000.0, 2000.0, 2000.0, 2000.0, 2000.0, 2000.0, 2000.0, 2000.0, 2000.0, 1892.0, 1777.0, 1662.0, 1547.0, 1432.0, 1317.0, 1203.0, 1088.0, 973.0, 858.0, 743.0, 628.0, 513.0, 398.0, 283.0, 168.0, 53.0, -155.0, -546.0, -942.0, -1337.0, -1733.0, -2000.0, -2000.0, -2000.0, -2000.0, -2000.0, -2000.0, -2000.0, -2000.0, -2000.0, -2000.0, -2000.0, -1947.0, -1832.0, -1717.0, -1602.0, -1487.0, -1372.0, -1257.0, -1142.0, -1027.0, -912.0, -797.0, -682.0, -567.0, -453.0, -338.0, -223.0, -108.0, 3.0, 57.0, 110.0, 163.0, 216.0, 269.0, 323.0, 376.0, 371.0, 318.0, 265.0, 211.0, 158.0, 105.0, 52.0, -1.0, -28.0, -54.0, -81.0, -107.0, -134.0, -161.0, -187.0, -214.0, -240.0, -267.0, -294.0, -320.0, -347.0, -373.0, -400.0, -400.0];
y = [0.0, 0.0, 0.0, 0.0, 0.0, 0.0, 0.0, 197.0, 592.0, 988.0, 1383.0, 1779.0, 2000.0, 2000.0, 2000.0, 2000.0, 2000.0, 2000.0, 1892.0, 1777.0, 1662.0, 1547.0, 1432.0, 1317.0, 1203.0, 1088.0, 973.0, 858.0, 743.0, 628.0, 513.0, 398.0, 283.0, 168.0, 53.0, 0.0, 0.0, 0.0, 0.0, 0.0, -45.0, -405.0, -801.0, -1196.0, -1592.0, -1953.0, -2000.0, -2000.0, -2000.0, -2000.0, -2000.0, -1947.0, -1832.0, -1717.0, -1602.0, -1487.0, -1372.0, -1257.0, -1142.0, -1027.0, -912.0, -797.0, -682.0, -567.0, -453.0, -338.0, -223.0, -108.0, 7.0, 113.0, 219.0, 326.0, 433.0, 539.0, 645.0, 752.0, 742.0, 635.0, 529.0, 423.0, 316.0, 209.0, 103.0, -2.0, -55.0, -108.0, -161.0, -215.0, -268.0, -321.0, -374.0, -427.0, -481.0, -534.0, -587.0, -641.0, -693.0, -747.0, -800.0, -800.0];
z = [0.0, 0.0, 0.0, 0.0, 0.0, 0.0, 0.0, 0.0, 0.0, 0.0, 0.0, 0.0, 78.0, 452.0, 847.0, 1243.0, 1638.0, 1984.0, 1892.0, 1777.0, 1662.0, 1547.0, 1432.0, 1317.0, 1203.0, 1088.0, 973.0, 858.0, 743.0, 628.0, 513.0, 398.0, 283.0, 168.0, 53.0, 0.0, 0.0, 0.0, 0.0, 0.0, 0.0, 0.0, 0.0, 0.0, 0.0, 0.0, -264.0, -660.0, -1055.0, -1451.0, -1843.0, -1947.0, -1832.0, -1717.0, -1602.0, -1487.0, -1372.0, -1257.0, -1142.0, -1027.0, -912.0, -797.0, -682.0, -567.0, -453.0, -338.0, -223.0, -108.0, 10.0, 170.0, 329.0, 489.0, 649.0, 808.0, 968.0, 1128.0, 1113.0, 953.0, 794.0, 634.0, 474.0, 314.0, 155.0, -3.0, -83.0, -162.0, -242.0, -322.0, -402.0, -482.0, -561.0, -641.0, -721.0, -801.0, -881.0, -961.0, -1040.0, -1120.0, -1200.0, -1200.0];
dt = 0.3;
t = (0:length(x)-1) * dt;

figure;
plot(t, x, '-o', 'LineWidth', 1.5, 'MarkerSize', 4, 'DisplayName', 'X-Axis Pulses');
hold on;
plot(t, y, '-s', 'LineWidth', 1.5, 'MarkerSize', 4, 'DisplayName', 'Y-Axis Pulses');
plot(t, z, '-^', 'LineWidth', 1.5, 'MarkerSize', 4, 'DisplayName', 'Z-Axis Pulses');
hold off;

xlabel('Second');
ylabel('Pulse');
title('Stepper Motor Pulse');
legend('Location', 'northeast');
grid on;